$ANSIBLE_VAULT;1.1;AES256
36363231363339623864333532373036633834343635346234643033613732366463316437333836
3561646139373432353063616462653138633236666531310a663966623435313531643735643564
36636632613761356135643066303037376334613266633765363563646561666633333639633565
3662353030333766390a653762656339376465376637373461393066323939363966383364353763
37353530303335373865383365623563383533363130336639663963663834333031383435356664
32313535313837313831623238373365636533393330383266303431656136636462326632323236
35356336386261303036643036623636663030323264653337353066343137663935313963353939
35306533376663663033633634393139326630376662396135626638336537653866666266323036
36383333643261346366346536306438383163336134373434353936306631633164323666633934
36663938333837616532386563656433633033353733646232323331326365643636343931623963
30623264636330626230666236663531373434643539643436623037313361326637656362613838
66383334363533633262346635663832353433303762366138643366653134303166613565633732
36373734343361333036386530633632366434653166653761656237363630373961386338316235
65336131306331613238613165313365373761623664373061353161383038323730396236366466
36323936323435656331626237393738363832643666306135323536303832353432313166633037
66633539636136646561356164653233363361346630653934313863666464636435303931313932
66666431623637643831633939303435653964613864326335353166663939353939666237353664
64653466333530373830633162363630353866363462656462353539333363346139366134393531
62636132653030393861356364613834626133373439646634393030343430643064323439653930
66646231306535383261656138336231313532636134386337396465346437336164643934636365
36313735643565323231383864306333643938376432326537346665396666303831356463323639
35316663613535306236333133356536323235643363613432353234623534373738623832653564
39386161643765356530393963306462643135656462636665363837363461306262653030333136
62376165333034373335326162616165336438643034636662333230613338353732323763643835
64393635323239646632643730373365346238633732613865393161323939383562666639303338
38366663633862306634353238353065383139356463663630343534623666643431343831366466
39353533363639653734363430643138333562613061306363393336613035616263656233326332
65306537353236376634613566386330663434396638623033623834333938393834373032336463
37656664636138653162366636653064646439303837353835666565626233343639326633393839
66383461376135336638616337396664613731613536303932656261396263313738363439343038
30346462636132613865656661313731643663306265653537333233326334633061653861653039
63633634323036313138316662636665643239653762646537313436636137636163666538656430
30303535333761303766656636346462656636383562343739326338646135313333316563393731
33333737393863323762326132663634313135633233343835353633353766633834363565353638
39333265336664353035663137323436363861386632313961363862336162653630303933663466
66656136303736653539323736323930623165306237343065316434336165336161333635383332
64333264343039623336303231353861356663626665326436653339623832303464633536313364
31353334343833383936323130326465643165653362643536373133383739303636343932353636
65386639613936386632303864346130356561306662626238623763386564663936633233333064
37303063383230633838653864646231663532666338393463333734393833333362343036616561
39613235643730323265346130653637396461653536326261666163333266353064636566343363
31643032613966376234656431656636626639323162356163356163333932663433353266626163
66393133653061653866656433383865666665653032326633306432313233346663646534366630
39353766363533343430623066636332663633616132623163383630333461353962323536373138
37626636373436326631316464393263643464306163643465316236623964326131346266653062
61303935616364663933313339623365303465633636346566333165343762623335346435393666
39386233646337656164393663613761653832373934623233613630646230343966303163613939
38393664373733306336383766393063353434376336346434333865646132633561663032323939
38333031356531626436323361333865333531313337643732633763363030653534626138393264
36353065323438646136316631393431323636373236356334366430636435616139663932366633
39663661643733333735393536326130343766636631363939656265643531623730356166323735
36643865666361363837386235636330663635336566663436386539326161383561636239613436
35626536623032616564363634383538303937656237326434323632386639366236323264323832
33346136643761613930303531653839633563356165366166613464356439303462306131353862
37336432633663653432646138316132313635613039313538376364313065643131396238643136
38336562363336646637653834623837623332663233323735636238326235303963656536623637
62613861653666646134366539343330333533336336333330396462326633393937333632346139
62666562326161383262373262356662373730633762353832316264316366363861613238373063
32306134623265363032616163616439333934626637643535653338336432383731366362383933
62613839313163356361383461386463666639396533376331356261373463636666343737663366
36366162323563373865663561353238316435646234303331366466313835363863313764323036
64623662323938383861613832636462373631376133396462643637393939316664643361383562
643430373536303561383263626630316632
